w = 27
x = 28
y = 29
z = 30
a = 31
b = 1
c = 2
d = 3
e = 4
f = 5
g = 6
h = 7 
i = 8 
j = 9
k = 100.0 29.920 30.389 4546.118
l = 56.2 8.0 0.002667 399000.777
m = 93.7 12.4 0.002677 400517.131
n = 12
o = 13
p = 14
q = 15
r = 16
s = 93.7 12.4 0.002677 400517.131
t = 97.1 13.1 0.002671 399601.578
u = 97.2 13.2 0.002666 398872.163
v = 97.3 13.2 0.002663 398449.200
w = 97.6 13.3 0.002669 399322.444
x = 99.8 14.5 0.002686 401829.437
y = 99.9 14.8 0.002685 401631.711
z = 25
v = 26
